CACHE type 5 produced by analog 6.0/Unix. Do not modify or delete!
T	0	0	5660	55	279	2361	136700633
D	25111799	25142051
17438	215	4	4	1529
17438	216	1	1	716
17438	217	2	2	682
17438	219	3	0	264466
17438	226	1	1	389
17438	227	2	2	778
17438	234	2	0	181212
17438	242	1	0	90466
17438	243	2	0	90746
17438	245	3	3	2479
17438	250	3	2	1642
17438	251	1	1	819
17439	10	1	0	0
17439	11	3	0	134276
17439	12	24	0	1652158
17439	13	2	0	18296
17439	14	3	0	13702
17439	19	3	0	0
17439	20	26	0	12921
17439	22	4	0	17116
17439	23	5	1	17872
17439	25	1	0	0
17439	26	64	0	931405
17439	27	4	0	83320
17439	28	2	0	49117
17439	29	2	0	51594
17439	33	57	0	26427
17439	34	1	0	34
17439	38	1	0	0
17439	40	5	0	19897
17439	41	6	0	5539
17439	42	8	0	20071
17439	43	3	0	36
17439	44	1	0	18
17439	47	1	0	18
17439	48	62	0	34985
17439	49	2	0	8180
17439	145	23	0	4090
17439	150	2	0	36
17439	151	1	0	18
17439	214	26	0	12777
17439	216	39	0	30895
17439	218	3	0	66
17439	219	8	0	5075
17439	224	5	0	660
17439	249	2	0	50
17439	256	7	0	424
17439	257	1	0	0
17439	258	10	0	684
17439	259	2	0	0
17439	260	6	0	0
17439	261	4	0	291
17439	262	2	0	41
17439	264	7	0	54
17439	265	2	0	1
17439	266	10	0	0
17439	267	2	0	0
17439	271	7	0	0
17439	272	58	0	26427
17439	274	3	0	0
17439	275	2	0	0
17439	282	6	0	83771
17439	283	2	0	23320
17439	285	1	0	26
17440	10	4	0	0
17440	11	2	0	0
17440	12	3	0	26438
17440	17	2	0	42
17440	18	64	0	26502
17440	19	5	0	0
17440	20	1	0	0
17440	21	7	0	0
17440	27	58	0	2304537
17440	28	236	0	9288934
17440	29	295	0	11615788
17440	32	118	0	4635857
17440	33	4	0	54515
17440	34	4	0	214
17440	35	12	0	116428
17440	36	2	0	27124
17440	37	60	0	2331187
17440	42	22	0	1441048
17440	145	74	0	32699
17440	146	4	0	56512
17440	148	4	0	0
17440	149	1	0	28281
17440	150	2	0	0
17440	151	1	0	28283
17440	153	2	0	0
17440	156	2	0	0
17440	159	2	0	0
17440	162	2	0	0
17440	165	2	0	0
17440	168	2	0	0
17440	171	2	0	0
17440	174	2	0	0
17440	177	2	0	0
17440	180	2	0	0
17440	183	2	0	0
17440	186	2	0	0
17440	189	2	0	0
17440	192	2	0	0
17440	195	2	0	0
17440	198	2	0	0
17440	201	2	0	0
17440	204	2	0	0
17440	207	2	0	0
17440	210	2	0	0
17440	213	2	0	0
17440	216	2	0	0
17440	219	2	0	0
17440	222	63	0	32751
17440	225	2	0	0
17440	226	1	0	0
17440	227	5	0	0
17440	228	4	0	0
17440	229	1	0	28283
17440	232	2	0	0
17440	233	2	0	0
17440	234	4	0	0
17440	235	2	0	0
17440	236	7	0	0
17440	237	2	0	0
17440	240	2	0	0
17440	243	2	0	0
17440	246	7	0	0
17440	247	5	0	0
17440	248	1	0	0
17440	249	1	0	0
17440	251	4	0	0
17440	252	2	0	0
17440	255	2	0	0
17440	258	2	0	0
17440	261	2	0	0
17440	264	2	0	0
17440	265	1	0	0
17440	266	2	0	111
17440	267	2	0	0
17440	270	2	0	0
17440	273	2	0	0
17440	276	2	0	0
17440	279	2	0	0
17440	282	2	0	0
17440	285	2	0	0
17441	0	2	0	0
17441	3	2	0	0
17441	6	2	0	0
17441	9	2	0	0
17441	12	2	0	0
17441	15	2	0	0
17441	18	2	0	0
17441	21	2	0	0
17441	24	2	0	0
17441	27	2	0	0
17441	30	2	0	0
17441	33	2	0	0
17441	36	2	0	0
17441	39	2	0	0
17441	42	2	0	0
17441	45	2	0	0
17441	48	2	0	0
17441	51	2	0	0
17441	54	2	0	0
17441	57	2	0	0
17441	60	2	0	0
17441	63	2	0	0
17441	66	2	0	0
17441	69	2	0	0
17441	72	2	0	0
17441	75	2	0	0
17441	78	2	0	0
17441	81	2	0	0
17441	84	2	0	0
17441	87	2	0	0
17441	90	2	0	0
17441	93	2	0	0
17441	96	2	0	0
17441	99	2	0	0
17441	102	2	0	0
17441	105	2	0	0
17441	108	2	0	0
17441	111	2	0	0
17441	114	2	0	0
17441	117	2	0	0
17441	120	2	0	0
17441	123	2	0	0
17441	126	2	0	0
17441	129	2	0	0
17441	132	2	0	0
17441	135	2	0	0
17441	138	2	0	0
17441	141	2	0	0
17441	144	4	0	0
17441	147	2	0	0
17441	150	2	0	0
17441	153	2	0	0
17441	156	2	0	0
17441	159	2	0	0
17441	162	2	0	0
17441	165	2	0	0
17441	168	2	0	0
17441	171	2	0	0
17441	174	2	0	0
17441	177	2	0	0
17441	180	2	0	0
17441	183	2	0	0
17441	186	2	0	0
17441	189	2	0	0
17441	191	2	0	0
17441	192	6	0	83
17441	195	2	0	0
17441	198	2	0	0
17441	201	2	0	0
17441	204	2	0	0
17441	207	2	0	0
17441	210	2	0	0
17441	213	2	0	0
17441	216	4	0	0
17441	219	2	0	0
17441	222	2	0	0
17441	225	2	0	0
17441	228	2	0	0
17441	231	2	0	0
17441	234	2	0	0
17441	237	2	0	0
17441	240	2	0	0
17441	243	2	0	0
17441	246	2	0	0
17441	249	2	0	0
17441	252	2	0	0
17441	255	2	0	0
17441	258	2	0	0
17441	261	2	0	0
17441	264	2	0	0
17441	267	2	0	0
17441	270	2	0	0
17441	273	2	0	0
17441	276	2	0	0
17441	279	10	0	827
17441	280	5	0	231
17441	281	5	0	31
17441	282	2	0	0
17441	285	2	0	0
17442	0	2	0	0
17442	3	2	0	0
17442	6	2	0	0
17442	9	2	0	0
17442	12	2	0	0
17442	15	2	0	0
17442	18	2	0	0
17442	21	2	0	0
17442	24	2	0	0
17442	27	2	0	0
17442	30	2	0	0
17442	33	2	0	0
17442	36	2	0	0
17442	39	2	0	0
17442	42	2	0	0
17442	45	2	0	0
17442	48	2	0	0
17442	51	2	0	0
17442	54	2	0	0
17442	57	2	0	0
17442	60	2	0	0
17442	63	2	0	0
17442	66	2	0	0
17442	69	2	0	0
17442	72	2	0	0
17442	75	2	0	0
17442	78	2	0	0
17442	81	2	0	0
17442	84	2	0	0
17442	87	2	0	0
17442	90	2	0	0
17442	93	2	0	0
17442	96	2	0	0
17442	99	2	0	0
17442	102	2	0	0
17442	105	2	0	0
17442	108	2	0	0
17442	111	2	0	0
17442	114	2	0	0
17442	117	2	0	0
17442	120	2	0	0
17442	123	2	0	0
17442	126	2	0	0
17442	129	2	0	0
17442	132	2	0	0
17442	135	2	0	0
17442	138	2	0	0
17442	141	2	0	0
17442	144	4	0	0
17442	147	8	0	83
17442	149	2	0	0
17442	150	4	0	102
17442	153	2	0	68
17442	154	2	0	34
17442	155	2	0	34
17442	156	2	0	68
17442	158	2	0	34
17442	159	2	0	68
17442	162	2	0	68
17442	165	2	0	68
17442	168	2	0	68
17442	169	7	0	61552
17442	170	1	0	0
17442	171	2	0	41860
17442	174	2	0	0
17442	176	1	0	0
17442	177	5	0	0
17442	178	2	0	0
17442	180	2	0	0
17442	183	2	0	0
17442	186	2	0	0
17442	189	2	0	0
17442	192	2	0	0
17442	195	2	0	0
17442	198	2	0	0
17442	201	2	0	0
17442	204	2	0	0
17442	207	2	0	0
17442	210	2	0	0
17442	213	2	0	0
17442	216	4	0	0
17442	219	2	0	0
17442	222	2	0	0
17442	225	2	0	0
17442	228	2	0	0
17442	231	2	0	0
17442	234	2	0	0
17442	237	2	0	0
17442	240	2	0	0
17442	242	60	0	1484173
17442	243	2	0	0
17442	244	23	0	1653876
17442	246	2	0	0
17442	247	38	0	878920
17442	249	3	0	23320
17442	252	4	0	4468
17442	253	22	0	4468
17442	254	6	0	97929
17442	255	2	0	0
17442	258	2	0	0
17442	259	1	0	4778
17442	261	26	0	37111
17442	264	2	0	0
17442	267	2	0	0
17442	270	2	0	0
17442	273	2	0	0
17442	276	2	0	0
17442	279	2	0	0
17442	282	2	0	0
17442	285	2	0	0
17443	0	2	0	0
17443	3	2	0	0
17443	5	16	0	867995
17443	6	2	0	0
17443	9	2	0	0
17443	12	2	0	0
17443	15	2	0	0
17443	18	2	0	0
17443	21	2	0	0
17443	24	2	0	0
17443	27	2	0	0
17443	30	2	0	0
17443	33	2	0	0
17443	36	2	0	0
17443	39	2	0	0
17443	42	2	0	0
17443	45	2	0	0
17443	48	2	0	0
17443	51	2	0	0
17443	54	2	0	0
17443	57	2	0	0
17443	60	2	0	0
17443	63	2	0	0
17443	66	2	0	0
17443	69	2	0	0
17443	72	2	0	0
17443	75	2	0	0
17443	78	2	0	0
17443	81	2	0	0
17443	84	2	0	0
17443	87	2	0	0
17443	90	2	0	0
17443	93	2	0	0
17443	96	2	0	0
17443	99	2	0	0
17443	102	2	0	0
17443	105	2	0	0
17443	108	2	0	0
17443	111	2	0	0
17443	114	2	0	0
17443	117	2	0	0
17443	120	2	0	0
17443	123	2	0	0
17443	126	2	0	0
17443	129	2	0	0
17443	132	2	0	0
17443	135	2	0	0
17443	138	2	0	0
17443	141	2	0	0
17443	144	4	0	0
17443	147	2	0	0
17443	150	2	0	0
17443	152	23	0	229898
17443	153	3	0	4768
17443	156	2	0	0
17443	159	2	0	0
17443	162	2	0	0
17443	165	2	0	0
17443	168	2	0	0
17443	171	2	0	0
17443	174	2	0	0
17443	177	2	0	0
17443	180	2	0	0
17443	183	2	0	0
17443	186	2	0	0
17443	189	2	0	0
17443	192	2	0	0
17443	195	2	0	0
17443	198	2	0	0
17443	201	2	0	0
17443	204	2	0	0
17443	207	2	0	0
17443	210	64	0	2560969
17443	213	2	0	0
17443	216	4	0	0
17443	219	2	0	0
17443	222	2	0	0
17443	225	2	0	0
17443	226	23	0	4468
17443	227	22	0	4468
17443	228	46	0	8936
17443	229	46	0	17245
17443	230	22	0	4090
17443	231	4	0	8936
17443	232	4	0	17872
17443	233	1	0	177
17443	234	92	0	26808
17443	236	44	0	8936
17443	237	2	0	0
17443	240	2	0	0
17443	243	2	0	0
17443	246	24	0	4468
17443	249	2	0	0
17443	252	2	0	0
17443	253	22	0	4468
17443	255	2	0	0
17443	258	2	0	0
17443	261	2	0	0
17443	262	22	0	4468
17443	264	2	0	0
17443	267	24	0	4468
17443	270	24	0	4468
17443	273	2	0	0
17443	274	22	0	4468
17443	276	2	0	0
17443	279	2	0	0
17443	280	22	0	4468
17443	282	24	0	4468
17443	285	2	0	0
17444	0	2	0	0
17444	3	2	0	0
17444	6	2	0	0
17444	9	2	0	0
17444	12	2	0	0
17444	15	2	0	0
17444	18	2	0	0
17444	21	2	0	0
17444	24	2	0	0
17444	27	2	0	0
17444	30	2	0	0
17444	33	2	0	0
17444	36	2	0	0
17444	39	2	0	0
17444	42	2	0	0
17444	45	2	0	0
17444	48	2	0	0
17444	51	2	0	0
17444	54	2	0	0
17444	57	2	0	0
17444	60	2	0	0
17444	63	2	0	0
17444	66	2	0	0
17444	69	2	0	0
17444	72	2	0	0
17444	75	2	0	0
17444	78	2	0	0
17444	81	2	0	0
17444	84	2	0	0
17444	87	2	0	0
17444	90	2	0	0
17444	93	2	0	0
17444	96	2	0	0
17444	99	2	0	0
17444	102	2	0	0
17444	105	2	0	0
17444	108	2	0	0
17444	111	2	0	0
17444	114	2	0	0
17444	117	2	0	0
17444	120	2	0	0
17444	123	2	0	0
17444	126	2	0	0
17444	129	2	0	0
17444	132	2	0	0
17444	133	2	0	88228
17444	135	2	0	0
17444	138	2	0	0
17444	141	2	0	0
17444	144	4	0	0
17444	147	2	0	0
17444	150	2	0	0
17444	153	2	0	0
17444	156	2	0	0
17444	159	2	0	0
17444	162	2	0	0
17444	165	2	0	0
17444	168	2	0	0
17444	171	2	0	0
17444	174	2	0	0
17444	177	2	0	0
17444	180	2	0	0
17444	183	2	0	0
17444	186	2	0	0
17444	189	2	0	0
17444	192	2	0	0
17444	195	2	0	0
17444	198	2	0	0
17444	201	2	0	0
17444	204	2	0	0
17444	207	2	0	0
17444	210	2	0	0
17444	213	2	0	0
17444	216	3	0	0
17444	219	2	0	0
17444	222	2	0	0
17444	225	2	0	0
17444	228	2	0	0
17444	231	2	0	0
17444	234	2	0	0
17444	237	2	0	0
17444	238	23	0	1653876
17444	240	2	0	0
17444	243	2	0	0
17444	246	2	0	0
17444	249	2	0	0
17444	252	2	0	0
17444	255	2	0	0
17444	258	2	0	0
17444	261	2	0	0
17444	264	2	0	0
17444	267	2	0	0
17444	270	2	0	0
17444	273	2	0	0
17444	276	2	0	0
17444	279	2	0	0
17444	282	2	0	0
17444	285	2	0	0
17445	0	2	0	0
17445	3	2	0	0
17445	4	2	0	4468
17445	6	2	0	0
17445	9	2	0	0
17445	12	2	0	0
17445	15	2	0	0
17445	18	2	0	0
17445	21	2	0	0
17445	24	2	0	0
17445	27	2	0	0
17445	30	2	0	0
17445	33	2	0	0
17445	36	2	0	0
17445	39	2	0	0
17445	42	2	0	0
17445	45	2	0	0
17445	48	2	0	0
17445	51	2	0	0
17445	54	2	0	0
17445	57	2	0	0
17445	60	2	0	0
17445	63	2	0	0
17445	66	2	0	0
17445	69	2	0	0
17445	72	2	0	0
17445	75	2	0	0
17445	78	2	0	0
17445	81	2	0	0
17445	84	2	0	0
17445	87	2	0	0
17445	90	2	0	0
17445	93	2	0	0
17445	96	2	0	0
17445	99	3	0	4468
17445	100	22	0	4468
17445	102	2	0	0
17445	103	22	0	4468
17445	105	2	0	0
17445	108	2	0	0
17445	111	2	0	0
17445	114	2	0	0
17445	117	2	0	0
17445	120	2	0	0
17445	123	2	0	0
17445	126	2	0	0
17445	129	2	0	0
17445	132	2	0	0
17445	135	2	0	0
17445	138	2	0	0
17445	141	2	0	0
17445	144	4	0	0
17445	147	2	0	0
17445	150	2	0	0
17445	153	2	0	0
17445	156	2	0	0
17445	159	2	0	0
17445	162	2	0	0
17445	165	2	0	0
17445	168	2	0	0
17445	171	2	0	0
17445	174	2	0	0
17445	177	2	0	0
17445	180	2	0	0
17445	183	2	0	0
17445	186	2	0	0
17445	189	2	0	0
17445	192	2	0	0
17445	195	2	0	0
17445	198	2	0	0
17445	201	2	0	0
17445	204	2	0	0
17445	207	2	0	0
17445	210	2	0	0
17445	213	2	0	0
17445	216	4	0	0
17445	219	2	0	0
17445	222	2	0	0
17445	225	2	0	0
17445	228	2	0	0
17445	231	2	0	0
17445	234	2	0	0
17445	237	2	0	0
17445	240	2	0	0
17445	243	2	0	0
17445	246	2	0	0
17445	249	2	0	0
17445	252	2	0	0
17445	255	2	0	0
17445	258	2	0	0
17445	261	2	0	0
17445	264	2	0	0
17445	267	2	0	0
17445	270	2	0	0
17445	273	2	0	0
17445	276	2	0	0
17445	279	24	0	1570116
17445	282	2	0	0
17445	285	2	0	0
17446	0	2	0	0
17446	3	2	0	0
17446	6	2	0	0
17446	9	2	0	0
17446	12	2	0	0
17446	15	2	0	0
17446	18	2	0	0
17446	21	2	0	0
17446	24	2	0	0
17446	27	2	0	0
17446	30	2	0	0
17446	33	2	0	0
17446	36	2	0	0
17446	39	2	0	0
17446	42	2	0	0
17446	45	2	0	0
17446	48	2	0	0
17446	51	2	0	0
17446	54	2	0	0
17446	57	2	0	0
17446	60	2	0	0
17446	63	2	0	0
17446	66	2	0	0
17446	69	2	0	0
17446	72	2	0	0
17446	75	2	0	0
17446	78	2	0	0
17446	81	2	0	0
17446	84	2	0	0
17446	87	2	0	0
17446	90	2	0	0
17446	93	2	0	0
17446	96	2	0	0
17446	99	2	0	0
17446	100	2	0	88228
17446	102	2	0	0
17446	105	2	0	0
17446	108	2	0	0
17446	111	2	0	0
17446	114	2	0	0
17446	117	2	0	0
17446	120	2	0	0
17446	123	2	0	0
17446	126	2	0	0
17446	129	2	0	0
17446	132	2	0	0
17446	135	2	0	0
17446	138	2	0	0
17446	141	2	0	0
17446	144	4	0	0
17446	147	2	0	0
17446	150	2	0	0
17446	153	2	0	0
17446	156	2	0	0
17446	159	2	0	0
17446	162	2	0	0
17446	165	2	0	0
17446	168	2	0	0
17446	171	2	0	0
17446	174	2	0	0
17446	177	2	0	0
17446	180	2	0	0
17446	183	2	0	0
17446	186	2	0	0
17446	189	2	0	0
17446	192	2	0	0
17446	195	2	0	0
17446	198	1	0	6183943
17446	201	1	0	3075738
17446	204	1	0	9641151
17446	219	1	0	6618944
17446	222	1	0	17382820
17446	224	22	0	4468
17446	225	1	0	0
17446	226	46	0	3307752
17446	227	1	0	0
17446	230	8	0	26386
17446	233	79	0	4997420
17446	234	26	0	1662812
17446	235	28	0	1663448
17446	236	52	0	3331006
17446	237	31	0	1682174
17446	238	3	0	5435
17446	239	1	0	0
17446	242	14	0	291661
17446	243	4	0	31531
17446	244	2	0	88471
17446	245	9	0	50601
17446	246	45	0	976235
17446	248	5	0	72244
17446	249	1	0	28246
17446	257	1	0	4468
17446	258	1	0	4468
17446	259	39	0	883459
17446	261	1	0	4468
17446	263	1	0	28246
17446	264	57	0	4468
17446	265	1	0	28246
17446	269	1	0	4468
17446	271	2	0	32714
17447	189	27	0	1658344
17447	267	21	0	4468
17448	218	23	0	1653876
17448	219	39	0	878983
17448	220	58	0	32706
17448	223	1	0	4468
17448	277	1	0	4468
17449	264	23	0	4468
17450	162	61	0	2532859
17450	163	81	0	1682114
17450	164	114	0	56476
17450	167	1	0	28238
17450	168	113	0	28238
17450	178	58	0	32706
17452	168	28	0	1751064
17452	179	3	0	14000
17453	68	23	0	1653876
17454	255	23	0	1653876
17457	268	1	0	12602
17457	272	2	0	0
17457	273	3	0	10160
17457	275	2	0	0
17457	277	4	0	61911
17457	278	1	0	32222
17457	280	5	0	617480
17458	25	13	13	2948
17458	26	7	7	1577
17458	27	5	5	1135
17458	29	1	1	221
17458	167	1	1	221
17458	170	4	4	899
17458	171	5	5	1105
17458	184	2	2	442
17458	220	1	0	12602
17458	241	5	0	96569
17458	242	12	0	214269
17458	243	11	0	115295
17458	244	2	0	30428
17458	245	6	0	99440
17458	246	178	0	4719280
17458	247	85	0	3995994
17458	249	14	0	29848
17458	252	57	0	29848
17458	253	2	0	29848
17458	268	81	0	1684331
17458	269	1	0	0
17458	275	62	0	290201
17458	276	1	0	0
17458	277	7	0	134617
17458	284	61	0	883622
17459	1	1	0	12602
17459	196	70	0	175312
17459	201	1	0	0
17459	202	2	0	0
17459	203	3	0	29879
17459	204	5	0	69908
17459	208	1	0	0
17459	217	1	0	0
17459	218	1	0	0
1	45	0	0	0	25141942	0	0	25112293	0	0	54432	/vendors/jquery-animateNumber/jquery.animateNumber.min.js
1	95	0	0	0	25141942	0	0	25112224	0	0	232512	/js/respond.min.js
1	46	0	0	0	25141942	0	0	25112293	0	0	307656	/vendors/bootstrap-switch/js/bootstrap-switch.min.js
1	7	0	0	0	25111935	0	0	25111816	0	0	626890	/phpinfo.php
1	5	0	0	0	25116440	0	0	25116437	0	0	1045	/connect_email_import.php
1	96	0	0	0	25141942	0	0	25112224	0	0	726657	/css/vendors.css
1	45	0	0	0	25141942	0	0	25112293	0	0	821592	/vendors/bootstrap-daterangepicker/daterangepicker.js
1	0	0	0	3	0	0	25139647	0	0	25139639	0	/public/
1	0	0	0	2	0	0	25112221	0	0	25112220	0	/auth/css/style-responsive.css
1	96	0	0	0	25141942	0	0	25112224	0	0	1572858	/vendors/bootstrap/js/bootstrap.min.js
1	46	0	0	0	25141942	0	0	25112293	0	0	832704	/vendors/bootstrap-datetimepicker/build/js/bootstrap-datetimepicker.min.js
1	1	0	0	0	25119083	0	0	25119083	0	0	4468	/auth/login/images/icons/favicon.ico
1	5	0	0	0	25123450	0	0	25123417	0	0	1590	/images/icons/favicon.ico
1	0	0	1	1	0	25123482	25123482	0	25123482	25123482	0	/adminer-4.3.1-mysql.php?server=localhost&username=t98765ar_transmarco
1	45	0	0	0	25141942	0	0	25112293	0	0	167832	/js/main.js
1	664	0	0	911	25123350	0	25136400	25112354	0	25112361	43041699	/admin/import/email
1	60	0	0	0	25141942	0	0	25112224	0	0	3601680	/vendors/font-awesome/fonts/fontawesome-webfont.woff?v=4.1.0
1	45	0	0	0	25141942	0	0	25112293	0	0	143208	/vendors/flot-chart/jquery.flot.categories.js
1	1	0	0	0	25123465	0	0	25123465	0	0	25398	/adminer-4.3.1-mysql.php?server=localhost&username=t98765ar_transma&db=t98765ar_transmarco&create=
1	2	2	0	0	25111800	0	0	25111799	0	0	1432	/admin_html_ecommerce/
1	45	0	0	0	25141942	0	0	25112293	0	0	408144	/vendors/slimScroll/jquery.slimscroll.js
1	45	0	0	0	25141942	0	0	25112293	0	0	562704	/vendors/jquery-news-ticker/jquery.news-ticker.js
1	0	0	23	0	0	25141981	0	0	25112402	0	0	/auth/logout
1	6	0	0	0	25141943	0	0	25112300	0	0	116600	/vendors/bootstrap/fonts/glyphicons-halflings-regular.woff
1	67	0	0	1	25141942	0	25139757	25112225	0	25139757	378060	/images/login/logo_web88.jpg
1	0	0	0	2	0	0	25112221	0	0	25112220	0	/auth/vendors/bootstrap-switch/css/bootstrap-switch.css
1	0	0	1	0	0	25113519	0	0	25113519	0	0	/admin/
1	96	0	0	0	25141942	0	0	25112224	0	0	3003163	/css/style-mango.css
1	45	0	0	0	25141942	0	0	25112293	0	0	87912	/js/form-components.js
1	45	0	0	0	25141942	0	0	25112293	0	0	750360	/vendors/flot-chart/jquery.flot.pie.js
1	0	0	0	1	0	0	25112235	0	0	25112235	0	/auth/registration
1	0	0	0	2	0	0	25112221	0	0	25112220	0	/auth/css/themes/grey.css
1	3	0	0	0	25121985	0	0	25118985	0	0	0	/admin/import/email?1.9.126.193
1	1	0	1	0	25123451	25123452	0	25123451	25123452	0	3724	/adminer-4.3.1-mysql.php
1	0	0	0	4	0	0	25119066	0	0	25112261	0	/password/images/icons/favicon.ico
1	45	0	0	0	25141942	0	0	25112293	0	0	2852088	/vendors/flot-chart/jquery.flot.js
1	0	0	1	0	0	25139480	0	0	25139480	0	0	/index.php?=PHPE9568F35-D428-11d2-A769-00AA001ACF42
1	0	0	0	4	0	0	25111935	0	0	25111816	0	/phpinfo.php?=PHPE9568F35-D428-11d2-A769-00AA001ACF42
1	4	0	0	0	25123471	0	0	25123452	0	0	318616	/adminer-4.3.1-mysql.php?server=localhost&username=t98765ar_transma&db=t98765ar_transmarco&select=sms
1	0	0	0	3	0	0	25112221	0	0	25112220	0	/auth/js/jquery-migrate-1.2.1.min.js
1	0	0	0	2	0	0	25112221	0	0	25112220	0	/auth/vendors/animate.css/animate.css
1	0	0	0	4	0	0	25112221	0	0	25112220	0	/auth/vendors/jquery-cookie/jquery.cookie.js
1	0	0	1	0	0	25123422	0	0	25123422	0	0	/auth/login?122.179.159.46
1	0	0	1	0	0	25119083	0	0	25119083	0	0	/auth/
1	0	0	0	2	0	0	25112221	0	0	25112220	0	/auth/css/vendors.css
1	1	0	0	0	25123452	0	0	25123452	0	0	44478	/adminer-4.3.1-mysql.php?file=jush.js&version=4.3.1&driver=mysql
1	45	0	0	0	25141942	0	0	25112293	0	0	166392	/vendors/flot-chart/jquery.flot.stack.js
1	45	0	0	0	25141942	0	0	25112293	0	0	92475	/images/logo.jpg
1	1	0	0	0	25123465	0	0	25123465	0	0	79	/adminer-4.3.1-mysql.php?file=down.gif&version=4.3.1&driver=mysql
1	0	0	0	1	0	0	25139650	0	0	25139650	0	/t5210marco1webqo/public
1	1	0	0	0	25123433	0	0	25123433	0	0	649	/admin/dashboard?testmode=1
1	45	0	0	0	25141942	0	0	25112293	0	0	170064	/vendors/flot-chart/jquery.flot.fillbetween.js
1	47	0	0	0	25141942	0	0	25112293	0	0	805550	/vendors/bootstrap-timepicker/js/bootstrap-timepicker.js
1	0	0	0	13	0	0	25124493	0	0	25123413	0	/admin/dashbboard
1	45	0	0	0	25141942	0	0	25112293	0	0	1826376	/vendors/moment/moment.js
1	45	0	0	0	25141942	0	0	25112293	0	0	3464208	/vendors/jquery-jvectormap/jquery-jvectormap-world-mill-en.js
1	45	0	0	0	25141942	0	0	25112293	0	0	151296	/vendors/flot-chart/jquery.flot.spline.js
1	0	0	0	5	0	0	25134975	0	0	25127760	0	/admin/import/email?122.179.159.46
1	0	0	1	0	0	25112275	0	0	25112275	0	0	/?11
1	0	0	0	4	0	0	25112221	0	0	25112220	0	/auth/vendors/bootstrap/js/bootstrap.min.js
1	45	0	0	0	25141942	0	0	25112293	0	0	972000	/vendors/jquery-jvectormap/jquery-jvectormap-1.2.2.min.js
1	0	0	0	1	0	0	25139650	0	0	25139650	0	/t5210marco1webqo/public_html
1	45	0	0	0	25141942	0	0	25112293	0	0	478272	/js/holder.js
1	3	0	0	0	25139480	0	0	25139480	0	0	462946	/index.php/admin/dashboard
1	37	0	0	0	25140733	0	0	25112293	0	0	108219	/images/profile/image_hock.jpg
1	95	0	0	0	25141942	0	0	25112224	0	0	5562396	/js/jquery-1.9.1.js
1	96	0	0	0	25141942	0	0	25112224	0	0	431677	/css/style-responsive.css
1	3	0	0	0	25141981	0	0	25141943	0	0	10761	/images/profile/1508401429.png
1	0	0	0	1	0	0	25140488	0	0	25140488	0	/public_html/
1	0	0	0	3	0	0	25140728	0	0	25140727	0	/images/profile/1508249570.jpg
1	97	0	0	0	25141942	0	0	25112224	0	0	1490896	/vendors/jquery-ui-1.10.3.custom/css/ui-lightness/jquery-ui-1.10.3.custom.css
1	97	0	0	0	25141942	0	0	25112224	0	0	892938	/vendors/font-awesome/css/font-awesome.min.css
1	0	0	0	31	0	0	25141637	0	0	25112293	0	/admin/images/icons/favicon.ico
1	1	0	0	0	25123465	0	0	25123465	0	0	82	/adminer-4.3.1-mysql.php?file=cross.gif&version=4.3.1&driver=mysql
1	0	0	0	4	0	0	25112221	0	0	25112220	0	/auth/js/respond.min.js
1	0	0	0	2	0	0	25112221	0	0	25112220	0	/auth/vendors/font-awesome/css/font-awesome.min.css
1	1	0	0	0	25123465	0	0	25123465	0	0	79	/adminer-4.3.1-mysql.php?file=up.gif&version=4.3.1&driver=mysql
1	0	0	0	1	0	0	25140902	0	0	25140902	0	/ghdhdgh
1	592	0	0	886	25123215	0	25136400	25113517	0	25113515	238	/admin/import/sms
1	97	0	0	0	25141942	0	0	25112224	0	0	5500474	/vendors/bootstrap/css/bootstrap.min.css
1	45	0	0	0	25141942	0	0	25112293	0	0	77592	/vendors/bootstrap-hover-dropdown/bootstrap-hover-dropdown.js
1	1	0	0	0	25123465	0	0	25123465	0	0	80	/adminer-4.3.1-mysql.php?file=plus.gif&version=4.3.1&driver=mysql
1	58	0	0	0	25141942	0	0	25112293	0	0	218544	/js/index.js
1	1	0	0	0	25123451	0	0	25123451	0	0	24496	/adminer-4.3.1-mysql.php?file=functions.js&version=4.3.1&driver=mysql
1	95	0	0	0	25141942	0	0	25112224	0	0	380898	/js/jquery-migrate-1.2.1.min.js
1	0	0	0	2	0	0	25112224	0	0	25112221	0	/auth/images/login/logo_web88.jpg
1	1	0	0	0	25140733	0	0	25140733	0	0	4962	/images/profile/1508328837.jpg
1	46	0	0	0	25141942	0	0	25112293	0	0	495216	/vendors/bootstrap-clockface/js/clockface.js
1	0	0	0	3	0	0	25133535	0	0	25124865	0	/admin/import/sms?122.179.159.46
1	1	0	0	0	25141943	0	0	25141943	0	0	4962	/images/profile/1508401399.jpg
1	1	0	0	0	25123452	0	0	25123452	0	0	18995	/adminer-4.3.1-mysql.php?server=localhost&username=t98765ar_transma&db=t98765ar_transmarco
1	96	0	0	0	25141942	0	0	25112224	0	0	2818478	/vendors/animate.css/animate.css
1	156	0	58	12	25141982	25141981	25142051	25112217	25112233	25112215	714833	/auth/login
1	13	0	3	6	25119073	25119066	25113232	25112261	25112261	25112261	53701	/password/email
1	45	0	0	0	25141942	0	0	25112293	0	0	50856	/js/jquery.menu.js
1	0	0	1	0	0	25119091	0	0	25119091	0	0	/auth/login/
1	0	0	1	0	0	25139480	0	0	25139480	0	0	/index.php?=PHPE9568F34-D428-11d2-A769-00AA001ACF42
1	20	0	0	0	25141942	0	0	25140734	0	0	11484	/images/profile/1508328888.jpg
1	0	0	0	4	0	0	25111935	0	0	25111816	0	/phpinfo.php?=PHPE9568F34-D428-11d2-A769-00AA001ACF42
1	96	0	0	0	25141942	0	0	25112224	0	0	5082987	/css/themes/grey.css
1	1	0	0	0	25140733	0	0	25140733	0	0	10761	/images/profile/1508328825.png
1	95	0	0	0	25141942	0	0	25112224	0	0	24966606	/js/jquery-ui.js
1	2	0	0	0	25123394	0	0	25123393	0	0	9366	/img-sys/headerbg.jpg
1	0	0	0	1	0	0	25113519	0	0	25113519	0	/admin
1	3	0	0	0	25131720	0	0	25123406	0	0	72	/robots.txt
1	187	0	0	3	25142051	0	25140358	25111936	0	25111799	0	/favicon.ico
1	3	0	0	0	25117545	0	0	25114650	0	0	0	/admin/import/sms?52.8.59.90
1	45	0	0	0	25141942	0	0	25112293	0	0	74808	/vendors/jquery-jvectormap/gdp-data.js
1	0	0	0	2	0	0	25140371	0	0	25140370	0	/public_html
1	45	0	0	0	25141942	0	0	25112293	0	0	89712	/vendors/flot-chart/jquery.flot.resize.js
1	1	0	0	0	25112217	0	0	25112217	0	0	130943	/css/app.css
1	2	0	0	0	25123394	0	0	25123393	0	0	508	/img-sys/bg.jpg
1	1	0	0	0	25141943	0	0	25141943	0	0	5274	/images/profile/1508401413.jpg
1	7	0	0	0	25123465	0	0	25123454	0	0	70863	/adminer-4.3.1-mysql.php?server=localhost&username=t98765ar_transma&db=t98765ar_transmarco&sql=
1	46	0	0	0	25141942	0	0	25112293	0	0	433608	/vendors/bootstrap-colorpicker/js/bootstrap-colorpicker.js
1	1	0	0	0	25140755	0	0	25140755	0	0	72449	/vendors/font-awesome/fonts/fontawesome-webfont.eot?
1	95	0	0	0	25141942	0	0	25112224	0	0	139314	/js/html5shiv.js
1	0	0	1	0	0	25119080	0	0	25119080	0	0	/?1.9.126.193
1	45	0	0	0	25141942	0	0	25112293	0	0	33096	/vendors/metisMenu/jquery.metisMenu.js
1	96	0	0	0	25141942	0	0	25112224	0	0	12427	/vendors/jquery-pace/pace.css
1	2	0	0	0	25123394	0	0	25123393	0	0	8846	/img-sys/contentbox.jpg
1	0	0	1	0	0	25113230	0	0	25113230	0	0	/?52.8.59.90
1	45	0	0	0	25141942	0	0	25112293	0	0	501168	/vendors/skycons/skycons.js
1	1	0	0	0	25140733	0	0	25140733	0	0	2871	/images/profile/1508328814.jpg
1	1	0	0	7	25119088	0	25119090	25119088	0	25119083	177	/auth
1	0	0	1	0	0	25140726	0	0	25140726	0	0	/?122.179.159.46
1	126	0	21	96	25141981	25141943	25141975	25112293	25123407	25112276	3553390	/admin/dashboard
1	1	0	0	0	25131720	0	0	25131720	0	0	83760	/vendors/font-awesome/fonts/fontawesome-webfont.woff
1	0	0	0	2	0	0	25112221	0	0	25112220	0	/auth/vendors/jquery-pace/pace.css
1	0	0	0	1	0	0	25113585	0	0	25113585	0	/admin/ireport/email
1	0	0	0	163	0	0	25141982	0	0	25112224	0	/vendors/bootstrap-hover-dropdown.js
1	36	0	0	31	25122960	0	25136280	25113586	0	25113650	132	/admin/report/email
1	4	0	0	0	25123471	0	0	25123452	0	0	35273	/adminer-4.3.1-mysql.php?server=localhost&username=t98765ar_transma&db=t98765ar_transmarco&table=sms
1	45	0	0	0	25141942	0	0	25112293	0	0	558432	/vendors/jquery-knob/jquery.knob.js
1	95	0	0	0	25141942	0	0	25112224	0	0	152418	/vendors/jquery-cookie/jquery.cookie.js
1	0	0	0	2	0	0	25112221	0	0	25112220	0	/auth/css/style-mango.css
1	2	0	0	0	25114931	0	0	25114928	0	0	111	/email_import.php
1	97	0	0	0	25141942	0	0	25112224	0	0	644742	/vendors/bootstrap-switch/css/bootstrap-switch.css
1	0	0	0	37	0	0	25141942	0	0	25112220	0	/auth/images/icons/favicon.ico
1	45	0	0	0	25141942	0	0	25112293	0	0	229050	/images/logo_web88.png
1	97	0	0	0	25141942	0	0	25112224	0	0	754220	/vendors/bootstrap-datepicker/css/datepicker.css
1	45	0	0	0	25141942	0	0	25112293	0	0	299928	/vendors/jquery-maskedinput/jquery-maskedinput.js
1	46	0	0	0	25141942	0	0	25112293	0	0	1371408	/vendors/bootstrap-datepicker/js/bootstrap-datepicker.js
1	0	0	0	3	0	0	25112221	0	0	25112220	0	/auth/js/jquery-ui.js
1	43	43	155	29	25140444	25141982	25140523	25111799	25112215	25111911	13790	/
1	0	0	0	4	0	0	25112221	0	0	25112220	0	/auth/vendors/bootstrap-hover-dropdown.js
1	1	0	0	0	25123451	0	0	25123451	0	0	6646	/adminer-4.3.1-mysql.php?file=default.css&version=4.3.1&driver=mysql
1	1	0	0	0	25119083	0	0	25119083	0	0	4468	/auth/login/SADSAFASFDREWRWWQREW
1	1	0	1	0	25123482	25123482	0	25123482	25123482	0	3963	/adminer-4.3.1-mysql.php?server=localhost
1	0	0	0	4	0	0	25112221	0	0	25112220	0	/auth/js/html5shiv.js
1	1	0	0	0	25139421	0	0	25139421	0	0	12602	/images/login/logo_web88.jpg?122.179.159.46
1	97	0	0	0	25141942	0	0	25112224	0	0	2535456	/css/style.css
1	1	0	0	0	25123452	0	0	25123452	0	0	318	/adminer-4.3.1-mysql.php?file=favicon.ico&version=4.3.1&driver=mysql
1	2	0	0	0	25123394	0	0	25123393	0	0	7666	/cgi-sys/suspendedpage.cgi
1	1	0	0	0	25123452	0	0	25123452	0	0	1403	/adminer-4.3.1-mysql.php?server=localhost&username=t98765ar_transma&db=t98765ar_transmarco&script=db
1	0	0	0	2	0	0	25112221	0	0	25112220	0	/auth/css/style.css
1	1	0	0	0	25112331	0	0	25112331	0	0	34	/import_email.php
1	0	0	0	1	0	0	25140488	0	0	25140488	0	/public
1	26	0	0	27	25122960	0	25136280	25113699	0	25113699	0	/admin/report/sms
1	0	0	0	2	0	0	25112221	0	0	25112220	0	/auth/vendors/bootstrap/css/bootstrap.min.css
1	10	10	0	0	25140370	0	0	25139647	0	0	2360	/t5210marco1webqo/
1	45	0	0	0	25141942	0	0	25112293	0	0	132650	/images/logo_webqom.png
1	45	0	0	0	25141942	0	0	25112293	0	0	320712	/vendors/flot-chart/jquery.flot.tooltip.js
1	0	0	6	15	0	25140940	25140904	0	25140906	25123369	0	/home
1	0	0	0	2	0	0	25112221	0	0	25112220	0	/auth/vendors/jquery-ui-1.10.3.custom/css/ui-lightness/jquery-ui-1.10.3.custom.css
1	1	0	0	0	25140734	0	0	25140734	0	0	5274	/images/profile/1508328851.jpg
1	1	0	0	0	25119083	0	0	25119083	0	0	4468	/auth/login/SASAD
1	64	0	0	0	25141942	0	0	25112224	0	0	5746356	/images/login/bg.jpg
1	0	0	0	1	0	0	25140487	0	0	25140487	0	/public_html/auth/login
1	0	0	0	1	0	0	25119090	0	0	25119090	0	/a
1	1	0	0	0	25123482	0	0	25123482	0	0	7321	/adminer-4.3.1-mysql.php?server=localhost&username=t98765ar_transma
1	0	0	0	2	0	0	25112221	0	0	25112220	0	/auth/js/jquery-1.9.1.js
1	45	0	0	0	25141942	0	0	25112293	0	0	413760	/vendors/jquery-pace/pace.min.js
1	0	0	0	2	0	0	25112221	0	0	25112220	0	/auth/vendors/bootstrap-datepicker/css/datepicker.css
3	7	0	0	0	25114741	0	0	25113699	0	0	0	http://transmarco.webqom.com/admin/report/sms
3	1	0	0	0	25140865	0	0	25140865	0	0	0	http://transmarco1.webqom.com/home
3	4	0	1	0	25123452	25123452	0	25123451	25123452	0	50455	http://transmarco.webqom.com/adminer-4.3.1-mysql.php
3	9	9	0	1	25140370	0	25140358	25139647	0	25140358	2124	http://transmarco1.webqom.com/
3	1	0	0	0	25123376	0	0	25123376	0	0	0	http://transmarco.webqom.com/home
3	10	0	0	0	25113709	0	0	25113515	0	0	0	http://transmarco.webqom.com/admin/import/sms
3	0	0	0	1	0	0	25119083	0	0	25119083	0	http://transmarco.webqom.com/auth/login/SASAD
3	4	0	0	0	25117729	0	0	25112300	0	0	93280	http://transmarco.webqom.com/vendors/bootstrap/css/bootstrap.min.css
3	4	0	0	0	25123482	0	0	25123452	0	0	116489	http://transmarco.webqom.com/adminer-4.3.1-mysql.php?server=localhost&username=t98765ar_transma&db=t98765ar_transmarco&select=sms
3	1921	0	34	23	25128893	25128893	25123542	25112289	25113574	25112293	36192124	http://transmarco.webqom.com/admin/dashboard
3	19	0	0	0	25117371	0	0	25113650	0	0	0	http://transmarco.webqom.com/admin/report/email
3	4	0	0	0	25123471	0	0	25123452	0	0	247780	http://transmarco.webqom.com/adminer-4.3.1-mysql.php?server=localhost&username=t98765ar_transma&db=t98765ar_transmarco&table=sms
3	1	0	0	0	25114931	0	0	25114931	0	0	0	http://transmarco.webqom.com/email_import.php
3	7	7	0	0	25139649	0	0	25139647	0	0	1547	http://transmarco1.webqom.com/t5210marco1webqo/
3	3	0	0	0	25123452	0	0	25123452	0	0	54698	http://transmarco.webqom.com/adminer-4.3.1-mysql.php?server=localhost&username=t98765ar_transma&db=t98765ar_transmarco
3	0	0	0	8	0	0	25111935	0	0	25111816	0	http://transmarco.webqom.com/phpinfo.php
3	1163	0	71	239	25135037	25131779	25135037	25112217	25112233	25112220	33023766	http://transmarco.webqom.com/auth/login
3	5	0	0	0	25116440	0	0	25116437	0	0	0	http://transmarco.webqom.com/connect_email_import.php
3	1	0	0	0	25123413	0	0	25123413	0	0	0	http://transmarco.webqom.com/admin/dashbboard
3	47	0	3	22	25119073	25119066	25119073	25112261	25112261	25112261	25827	http://transmarco.webqom.com/password/email
3	4	2	0	1	25112214	0	25111799	25111799	0	25111799	1432	http://transmarco.webqom.com/
3	1	0	1	0	25123482	25123482	0	25123482	25123482	0	7321	http://transmarco.webqom.com/adminer-4.3.1-mysql.php?server=localhost&username=t98765ar_transmarco
3	59	0	0	0	25135037	0	0	25112224	0	0	5107872	http://transmarco.webqom.com/css/themes/grey.css
3	76	0	13	20	25142051	25141981	25142051	25140727	25140727	25140726	3273922	http://transmarco1.webqom.com/auth/login
3	88	0	0	0	25117325	0	0	25112361	0	0	0	http://transmarco.webqom.com/admin/import/email
3	1	0	0	0	25140902	0	0	25140902	0	0	0	http://transmarco1.webqom.com/ghdhdgh
3	0	0	0	1	0	0	25119083	0	0	25119083	0	http://transmarco.webqom.com/auth/login/SADSAFASFDREWRWWQREW
3	0	0	1	1	0	25123482	25123482	0	25123482	25123482	0	http://transmarco.webqom.com/adminer-4.3.1-mysql.php?server=localhost
3	2	0	0	0	25141943	0	0	25140758	0	0	23320	http://transmarco1.webqom.com/vendors/bootstrap/css/bootstrap.min.css
3	4	0	0	0	25141942	0	0	25140861	0	0	425656	http://transmarco1.webqom.com/css/themes/grey.css
3	2	2	0	0	25111809	0	0	25111809	0	0	682	http://transmarco.webqom.com/admin_html_ecommerce/
3	5	0	0	0	25123465	0	0	25123465	0	0	8956	http://transmarco.webqom.com/adminer-4.3.1-mysql.php?server=localhost&username=t98765ar_transma&db=t98765ar_transmarco&create=
3	8	0	0	0	25141942	0	0	25140751	0	0	335040	http://transmarco1.webqom.com/vendors/font-awesome/css/font-awesome.min.css
3	554	0	20	11	25141982	25141982	25141966	25139444	25139480	25139489	8377270	http://transmarco1.webqom.com/admin/dashboard
3	6	0	0	0	25123394	0	0	25123393	0	0	18720	http://transmarco.webqom.com/cgi-sys/suspendedpage.cgi
3	7	0	0	0	25123471	0	0	25123454	0	0	72391	http://transmarco.webqom.com/adminer-4.3.1-mysql.php?server=localhost&username=t98765ar_transma&db=t98765ar_transmarco&sql=
3	53	0	0	0	25135037	0	0	25112224	0	0	3350400	http://transmarco.webqom.com/vendors/font-awesome/css/font-awesome.min.css
4	24	1	2	2	25113813	25113812	25113813	25111971	25113762	25113813	1441867	Mozilla/5.0 (Windows NT 6.1; Win64; x64) AppleWebKit/537.36 (KHTML, like Gecko) Chrome/60.0.3112.90 Safari/537.36 OPR/47.0.2631.80
4	24	0	3	4	25123425	25123424	25123425	25123423	25123423	25123423	1653876	Mozilla/5.0 (Windows NT 6.1; Win64; x64; rv:57.0) Gecko/20100101 Firefox/57.0
4	24	2	11	2	25140907	25140907	25123413	25111799	25117329	25123413	143699	Mozilla/4.0 (compatible; MSIE 7.0; Windows NT 5.1)
4	1787	10	42	235	25131779	25131779	25131779	25111799	25112215	25111799	40317705	Mozilla/5.0 (Windows NT 6.1; Win64; x64) AppleWebKit/537.36 (KHTML, like Gecko) Chrome/61.0.3163.100 Safari/537.36
4	2	0	2	0	25123532	25123532	0	25123529	25123529	0	8936	Mozilla/5.0 (X11; Linux x86_64) AppleWebKit/537.36 (KHTML, like Gecko) Chrome/41.0.2227.0 Safari/537.36
4	24	0	1	2	25140755	25140755	25140755	25140755	25140755	25140755	1643172	Mozilla/5.0 (Windows NT 6.1; Trident/7.0; rv:11.0) like Gecko
4	687	2	33	66	25122199	25121295	25122200	25111936	25117701	25111936	6169830	Mozilla/5.0 (Windows NT 6.1; rv:55.0) Gecko/20100101 Firefox/55.0
4	25	0	7	9	25123413	25123419	25123419	25123407	25123407	25123407	1658344	Mozilla/5.0 (Windows NT 6.1; Win64; x64) AppleWebKit/537.36 (KHTML, like Gecko) Chrome/61.0.3163.100 Safari/537.36 OPR/48.0.2685.35
4	49	0	6	9	25135037	25135036	25135037	25123419	25123419	25123419	3317284	Mozilla/5.0 (Macintosh; Intel Mac OS X 10_12_6) AppleWebKit/537.36 (KHTML, like Gecko) Chrome/61.0.3163.100 Safari/537.36
4	428	38	37	77	25142051	25141982	25142051	25139444	25139456	25139444	4435244	Mozilla/5.0 (Windows NT 6.1) AppleWebKit/537.36 (KHTML, like Gecko) Chrome/61.0.3163.100 Safari/537.36
4	24	0	7	5	25123376	25123379	25123379	25123374	25123374	25123374	1653876	Mozilla/5.0 (Linux; Android 4.2.2; R1001 Build/JDQ39) AppleWebKit/537.36 (KHTML, like Gecko) Chrome/61.0.3163.98 Mobile Safari/537.36
4	3	0	2	1	25131720	25123415	25123416	25123406	25123407	25123416	88252	Mozilla/5.0 (Windows NT 6.1; WOW64; rv:33.0) Gecko/20100101 Firefox/33.0
4	1154	0	0	1798	25123350	0	25136400	25114770	0	25114830	42944932	curl/7.15.5 (x86_64-redhat-linux-gnu) libcurl/7.15.5 OpenSSL/0.9.8b zlib/1.2.3 libidn/0.6.5
4	10	0	5	6	25123450	25123450	25124493	25123417	25123417	25123419	23930	Mozilla/5.0 (Windows NT 6.1; WOW64) SkypeUriPreview Preview/0.5
4	223	0	27	53	25123586	25123484	25123586	25118971	25118971	25118971	9103643	Mozilla/5.0 (Windows NT 10.0; Win64; x64) AppleWebKit/537.36 (KHTML, like Gecko) Chrome/61.0.3163.100 Safari/537.36
4	3	0	0	1	25140966	0	25139757	25139421	0	25139757	37806	facebookexternalhit/1.1 (+http://www.facebook.com/externalhit_uatext.php)
4	1090	0	83	89	25140940	25140940	25140940	25122742	25123361	25122742	21914437	Mozilla/5.0 (Windows NT 6.1; rv:56.0) Gecko/20100101 Firefox/56.0
4	58	0	0	0	25114765	0	0	25114350	0	0	0	Wget/1.11.4 Red Hat modified
4	21	2	11	2	25140907	25140907	25123413	25111799	25117329	25123413	143800	Java/1.8.0_111
5	3	2	0	1	25111971	0	25111936	25111936	0	25111936	1656	118.100.167.237
5	571	38	40	81	25142051	25141982	25142051	25139444	25139456	25139444	8446502	178.132.178.95
5	23	0	1	2	25127883	25127883	25127883	25127883	25127883	25127883	4468	175.144.86.41
5	2	0	1	1	25123424	25123424	25123581	25123424	25123424	25123581	4786	40.78.146.128
5	23	0	1	3	25120554	25120554	25120555	25120554	25120554	25120554	1653876	1.32.70.93
5	122	0	15	14	25126505	25126506	25126508	25126214	25126214	25126214	2574501	118.100.165.152
5	147	0	9	9	25140940	25140940	25140940	25140737	25140737	25140737	4881628	118.100.165.59
5	2	1	0	0	25111971	0	0	25111971	0	0	819	188.166.68.18
5	101	0	18	9	25123595	25123629	25123595	25123538	25123538	25123538	981601	115.134.2.183
5	2	0	1	2	25120029	25120029	25120029	25120029	25120029	25120029	88228	1.32.70.204
5	0	0	0	1	0	0	25123416	0	0	25123416	0	159.203.42.143
5	1736	10	37	225	25118685	25118685	25118685	25111799	25112215	25111799	36991461	176.36.140.33
5	22	0	1	2	25113813	25113812	25113813	25113812	25113812	25113813	1441048	185.137.18.249
5	79	0	33	36	25123411	25123435	25123435	25123369	25123368	25123367	4988014	60.52.52.31
5	48	0	1	6	25125015	25124625	25125015	25124625	25124625	25124625	1662812	118.100.165.143
5	28	0	5	7	25131779	25131779	25131779	25131720	25131720	25131720	1672368	171.79.86.131
5	2	0	1	3	25123417	25123417	25124493	25123417	25123417	25123422	4786	13.76.241.210
5	1212	0	0	1798	25123350	0	25136400	25114350	0	25114830	42944932	192.168.1.14
5	1	0	1	0	25123406	25123415	0	25123406	25123415	0	24	159.203.81.93
5	0	0	1	0	0	25123407	0	0	25123407	0	0	138.197.202.197
5	23	0	1	3	25132663	25132663	25132663	25132663	25132663	25132663	1653876	118.100.166.162
5	428	0	5	7	25128893	25128893	25128893	25128812	25128812	25128812	4360631	118.100.166.10
5	21	0	3	3	25118973	25119079	25119079	25118971	25118971	25118971	727589	1.9.126.193
5	2	0	2	0	25123532	25123532	0	25123529	25123529	0	8936	54.193.46.142
5	98	0	15	22	25123425	25123424	25123425	25123407	25123407	25123407	6629504	116.193.163.6
5	45	0	1	4	25121316	25121295	25121316	25121295	25121295	25121295	13404	115.135.77.146
5	42	0	2	1	25119079	25119079	25118971	25118971	25118971	25118971	1837848	1.9.126.185
5	1	0	0	0	25123406	0	0	25123406	0	0	4468	162.243.69.215
5	1	0	0	0	25140966	0	0	25140966	0	0	12602	69.171.225.87
5	1	0	0	0	25140621	0	0	25140621	0	0	12602	66.220.152.187
5	0	0	1	0	0	25113762	0	0	25113762	0	0	185.137.18.77
5	2	0	1	1	25123450	25123450	25123450	25123450	25123450	25123450	4786	104.45.18.178
5	0	0	0	1	0	0	25139757	0	0	25139757	0	66.220.152.185
5	2	0	1	1	25120823	25120823	25120823	25120823	25120823	25120823	4468	115.135.77.224
5	1	0	0	0	25131720	0	0	25131720	0	0	83760	159.203.196.79
5	2	0	0	2	25122742	0	25122742	25122742	0	25122742	88228	115.135.77.135
5	22	0	5	4	25123361	25123365	25123365	25123361	25123361	25123361	4468	115.135.77.199
5	45	4	22	4	25140907	25140907	25123413	25111799	25117329	25123413	287499	52.8.59.90
5	2	0	1	1	25123419	25123419	25123419	25123419	25123419	25123419	4786	23.99.101.118
5	1	0	0	0	25139421	0	0	25139421	0	0	12602	69.171.225.64
5	2	0	1	0	25123431	25123431	0	25123431	25123431	0	4786	104.209.188.207
5	590	0	29	53	25119332	25119091	25119332	25117701	25117701	25117702	2838082	1.32.70.220
5	22	0	0	2	25122199	0	25122200	25122198	0	25122198	1570116	115.135.77.21
5	23	0	1	3	25135037	25135036	25135037	25135036	25135036	25135037	1653876	88.196.43.243
5	160	0	22	49	25123586	25123484	25123586	25123406	25123406	25123406	6538206	122.179.159.46
z	0	3355	1	25142051	0
z	1	3	0	25123472	9
z	2	52	0	25131720	1943
z	3	121	54	25140861	36998
z	4	828	0	25141982	4330965
z	5	1046	0	25141981	35504584
z	6	250	0	25140940	53923538
z	7	4	0	25123335	25519776
z	8	1	0	25123350	17382820
c	200	3749	25142051
c	301	3	25119091
c	302	276	25141982
c	304	1911	25141981
c	403	1	25123482
c	404	373	25141982
c	500	1986	25142051
c	503	1	25113536
